B =

   1.0000        0   1.0000   2.0000        0
        0   1.7321   1.0000   4.0000        0
   3.0000   3.0000   2.0000   3.0000   1.7321
   1.4142   1.0000   2.0000   2.6458   5.0000
   2.0000   4.0000        0   2.0000   1.0000

APARTADO 1


MATRIZ L
   1.0000        0        0        0        0
        0   1.0000        0        0        0
   0.2000   0.3677   1.0000        0        0
   0.3464   0.5209   0.5537   1.0000        0
        0   0.5000  -0.2738   0.9428   1.0000


MATRIZ U
   5.0000   2.6458   1.0000   1.4142   2.0000
        0   4.0000   1.7321        0   1.0000
        0        0   3.1631   1.7172  -0.7677
        0        0        0   1.5593   1.2114
        0        0        0        0  -0.8523


MATRIZ PERMUTACION P
   0   0   0   1   0
   0   1   0   0   0
   0   0   0   0   1
   0   0   1   0   0
   1   0   0   0   0


MATRIZ PERMUTACION Q
   0   0   0   1   0
   0   0   1   0   0
   0   0   0   0   1
   0   1   0   0   0
   1   0   0   0   0


DETERMINANTE DE U
-84.076


APARTADO 2


MATRZI L
   1.0000        0        0        0        0
   0.6667   1.0000        0        0        0
        0   0.8660   1.0000        0        0
   0.3333  -0.5000  -0.1547   1.0000        0
   0.4714  -0.2071   0.3625  -0.1349   1.0000


MATRIZ U
   3.0000   3.0000   2.0000   3.0000   1.7321
        0   2.0000  -1.3333        0  -0.1547
        0        0   2.1547   4.0000   0.1340
        0        0        0   1.6188  -0.6340
        0        0        0   0.0000   4.0174


VECTOR PERMUTACION FILAS
   3   5   2   1   4


MATRIZ PERMUTACION P
   0   0   1   0   0
   0   0   0   0   1
   0   1   0   0   0
   1   0   0   0   0
   0   0   0   1   0


DETERMINANTE DE U
84.076


L =

   1.0000        0        0        0        0
   0.6667   1.0000        0        0        0
        0   0.8660   1.0000        0        0
   0.3333  -0.5000  -0.1547   1.0000        0
   0.4714  -0.2071   0.3625  -0.1349   1.0000

U =

   3.0000   3.0000   2.0000   3.0000   1.7321
        0   2.0000  -1.3333        0  -0.1547
        0        0   2.1547   4.0000   0.1340
        0        0        0   1.6188  -0.6340
        0        0        0        0   4.0174

P =

Permutation Matrix

   0   0   1   0   0
   0   0   0   0   1
   0   1   0   0   0
   1   0   0   0   0
   0   0   0   1   0

LA SOLUCION DEL SISTEMA PA-LU ES:
   0.5869
  -0.3867
  -0.8435
   0.6283
   0.1163